,V16,V36,card2,addr2_is_missing,V13,card6_debit,V20,V40,V19,V47,addr1,V28,V5,amount_log,D2,V54,V24_V38_product,P_emaildomain_gmail_com,D4,ProductCD_C,dist1_is_zero,card4_visa,is_round_amount,D3,V18,V35,card2_is_missing,C2,card3,addr_missing_count,V57,V53,V46,is_small_amount,C5,V10,R_emaildomain_is_missing,dist2_category,addr2,D14,M1_is_missing,P_emaildomain_hotmail_com,is_night,V56,V44,D11,V23,M3_T,card4_is_missing,card4_mastercard,V30,V50,R_emaildomain_hotmail_com,dist_sum,total_missing_features,dist1_category,C4,email_missing_count,M2_T,C12,V38,d_missing_count,D9,V43,V3,C14,V8,is_amount_extreme_high,V2,V26,card5,D8,C9,M3_is_missing,card_missing_count,V7,TransactionAmt,m_missing_count,V37,dist1,P_R_email_same,P_emaildomain_is_missing,V11,C3,P_emaildomain_yahoo_com,C8,V9,V55,V58,C10,dt_per_amt,V21,V42,V52,V33,V27,ProductCD_W,card3_is_missing,v_missing_count,D10,R_emaildomain_gmail_com,D7,dist_missing_count,card1,V14,V45,V34,hour_sin,V39,V51,R_emaildomain_anonymous_com,V59,V25,C7,V12,is_rare_hour,card6_is_missing,V4,dist2_is_missing,M2_is_missing,V22,amount_rank,v_mean,V24,V49,D15,ProductCD_R,V29,trans_weekday,dist2_is_zero,v_profile_cluster,addr1_is_missing,D13,card6_credit,dist2,dist1_is_missing,D6,M1_T,C13,V6,V48,card5_is_missing,trans_hour
V16,1.0,-0.48059975065476446,0.05566164307435135,0.9462453343912273,-0.4348866355507295,-0.1832545338241601,0.13606689115029444,0.7712752657834797,0.16084751656316562,0.12900181583431075,0.005003026724182416,-0.008733458903081833,0.0,-0.35161066084615933,-0.10626161151522308,-0.45175358131875754,0.25860812013284057,0.024668603115928608,-0.17439897626030101,0.9650260339393337,-0.07229327983862238,-0.035442864745753824,-0.317102402500292,0.01757762740385498,0.8123795217264694,-0.47274094764839314,-0.015754550395582836,0.03483810860581311,0.7631046237408721,0.9462453343912273,0.9549848111667825,-0.4413429485906457,0.10687557163272256,0.33716094019203374,-0.0815979959873599,0.0,-0.9142378623492163,-0.3458235172838248,-0.8274589535467918,-0.24574788802430936,0.6383221063934257,0.3683793124476198,0.08045796475498297,0.20255107843029227,0.16636471738427366,0.0,0.061956932598830686,-0.43673347445845867,0.004031716505709513,0.04290124265107751,-0.26048686026759565,0.9705856767646405,0.5521127727202447,-0.002503295862133153,0.6301083259274993,0.23660169835403272,0.11687009522097835,-0.6956835696279827,-0.5187044417175958,0.22061463401421216,0.2866776860284082,-0.5475628287733414,-0.07289308037506817,0.856057493408676,0.0,-0.0816100057549881,0.0,-0.036666620174509924,0.0,0.053439426160534174,-0.15374673762674115,-0.12788551833606684,-0.10429756478436898,0.6383221063934257,0.0017978635540029564,0.0,-0.1369679923348191,0.6057786313909261,0.2801717244915219,0.0,0.9742939257512206,-0.15080155798262165,0.0,-0.0065195603064193,-0.14621985400231668,0.19828215199202376,0.0,0.22541890593654962,0.9006221320676815,0.18201526800305137,0.38278820712991857,0.8400618869581703,0.8988338348089143,0.8522824154857404,0.9334760858399285,-0.00902691055619895,-0.8930178631535153,0.004031716505709513,0.19375892421603205,-0.2386592491125429,0.5927609024385159,0.056181671070634404,0.16690701071926942,0.00592943788169841,0.008806970495665903,0.17112205996726992,0.8873010306497556,0.09659165622092089,0.8230924036009472,0.912126469335598,0.23105560106461334,0.8104191126388948,0.05995535570112939,0.2684020790702163,-0.4241319339969545,0.12133385600824872,0.004031716505709513,0.0,-0.4319289025510921,0.6383221063934257,0.7805995918856241,-0.33819357922832594,0.513639834426756,0.033162786011415576,-0.2979650719495803,-0.23404170713227407,-0.021107975810280677,-0.26973639002813576,0.0148044194293538,0.16627469687752824,0.3222401970862039,0.9462453343912273,-0.15383578459833383,0.18470228523899557,0.011913819235961241,0.3268982913659177,-0.3685587295986608,-0.6381927613171177,-0.09921410546118159,0.0,-0.3066423821618044,0.017767056660489586,-0.0674464812998383
V36,-0.48059975065476446,1.0,-0.03665807073058508,-0.47310075658906187,0.6482921863499569,0.09113461056122027,-0.0072947846798861035,-0.39135932114519734,-0.035823042735227836,0.0007534597980712172,-0.012360159171811484,-0.006467488185063993,0.06855862059574627,0.20202971727415295,-0.20949075900373482,0.6192126021372805,-0.07826478582893677,0.06294877746618316,-0.2664666410212176,-0.48271225782845933,0.025059073547869667,0.015826379115424873,0.2395020890946737,-0.0799024304942019,-0.44646329288712594,0.9282548286571752,0.019628880300896222,-0.059759027930405446,-0.37991314113305585,-0.47310075658906187,-0.46459339353217805,0.5851621197668592,-0.005126901463147863,-0.17742890333460135,-0.00639837605036543,-0.12409717034440157,0.49657211598729595,0.19784787913572707,0.09520608060088663,0.0,-0.5085089484657168,-0.1866449971318403,-0.04371213522576482,-0.07773149926570408,-0.05980030433773248,-0.26849204359044326,-0.005992538076402206,0.3352441466666362,0.004702511261278837,-0.017572489108296178,0.0584136414149437,-0.49189988513037647,-0.2715621620092282,0.0063069571784541215,-0.4503539087718474,-0.08296155042225223,-0.05241578499366132,0.49081926640407975,0.4000431457997107,-0.10261288564061122,-0.10240665461534114,0.3028086161272116,0.0,-0.43444616722612184,0.041251125648777115,-0.015177698291633193,0.02250503302401236,0.04480921468291348,0.0379871475151638,0.009960028291602861,0.06156671086904872,0.0,0.010492193726049941,-0.5085089484657168,0.007268276859926946,0.03740096113620431,0.10693849365973311,-0.5144775326456041,-0.11346237178544491,0.027146377256488365,-0.4903504718108186,0.025751764350597298,-0.12124798193146967,-0.008694262723047056,0.06819046799873152,-0.09231202140604615,0.03277711778286586,-0.0932772610570109,-0.4370419176981299,-0.09259816846357857,-0.190523798302613,-0.46564091133425267,-0.45672450959268235,-0.3767386705648478,-0.43545863400719015,-0.006467488185063993,0.4973251007114184,0.004702511261278837,-0.4869985187223492,-0.10188099981015622,-0.31085450104162804,0.0,-0.04013583021056095,-0.004366081104181965,0.028198228490132794,-0.04397042999899905,-0.3987197568872173,-0.07684345323645084,-0.41776032295169657,-0.4213849806406922,-0.13857967784017686,-0.42794136258240684,-0.01718370286537406,-0.12857480947012873,0.6123599736204114,-0.07951531009478616,0.004702511261278837,0.058193468084962154,0.24534842706741486,-0.5085089484657168,-0.4649737685559597,0.1863004876672178,-0.016075944367345198,0.03590889456001215,0.07631604026110475,-0.14712641362180487,-0.0854339820738198,0.05318798191830675,0.0058850461615314684,-0.0851084728997742,0.04203392591158756,-0.47310075658906187,0.0,-0.09320191452148877,0.0,-0.13605358230445855,0.0,0.5083681710240198,-0.008378109372325625,0.034124059312913665,0.06484189826127976,-0.00541987366124075,0.05290264288808563
card2,0.05566164307435135,-0.03665807073058508,1.0,0.05179013596703697,-0.04250627690778919,-0.11641884712217325,-0.0051568009589989606,0.05084346665662981,-0.005409750127736401,-0.0015560531281665207,0.028901219355189828,-0.0018317951086452935,-0.0033138971171343175,0.011371761497578644,0.017912156808122456,-0.044589436324885025,0.009227488165766106,-0.030733957104843383,-0.004810996926086262,0.05128219217488277,0.012408682594595597,0.04349736114392132,0.009014305681878892,0.0012530610999002283,0.06792993162676408,-0.036430749557251355,0.0,-0.0004637860138645109,0.019821476818927635,0.05179013596703697,0.054196715768387256,-0.043047794045559085,7.361207119638235e-05,0.0055366281737234775,-0.012472265386719496,-0.003194363756045942,-0.09060577425402212,-0.023877682753188374,-0.017978091708274396,0.03522862206647427,0.07357969717807054,0.030182930006206088,0.00026585523878081024,0.008206881803131616,0.004024102597907496,0.011050576403101075,-0.006244684524104579,-0.05678125183534586,0.004226453992517243,-0.047349752608303514,-0.02356926831944765,0.06663883495342603,0.03605368293252584,-0.008659879953523476,0.0621212129348911,0.011299966092576646,0.008667445651724979,-0.062071395903691776,-0.06332015601566154,4.4855732411070286e-05,0.01879059940416633,-0.007553041565991927,0.009725441109819098,0.06216243444659453,0.002203150826408764,-0.004163911350370681,0.0027264746586789916,0.01245730319285655,0.002500729730856636,-0.004231235595385798,0.03639767078116995,0.025609348261961894,-0.015462086718003741,0.07357969717807054,0.012829488339025077,0.0036360952565607954,0.01750194753669759,0.07503774973068242,0.019230324335008032,-0.015511876032464875,0.06768782958660523,0.0022310290800588743,-0.0003620521871101138,0.00532945744500258,-0.022247426810632884,0.011381806196518596,0.004903389612100762,0.01869542331797395,0.04526212064327118,0.014710573152570034,0.00025727385288373686,0.07243355759237184,0.062202353827381776,0.049663018193054395,0.05175871714669144,0.0015287979443838887,-0.09535476779395552,0.0,0.07008921200065998,0.002537656667856833,0.045265963179865656,-0.004192813075333306,0.020301036348545427,0.008644614858379411,-0.007758972677448186,-0.002932005766279874,0.049617822323621066,-0.007063034572566277,0.05611331192417718,0.05442526871575981,0.03812630984944209,0.06970673534724282,-0.007410866016523022,-6.339387188081653e-06,-0.045426492046999487,0.003933037343785804,0.0,-0.005797343563759583,-0.030746222470795056,0.07357969717807054,0.06260113590993857,0.011191861464297058,0.013749617559383467,-0.01026514820148687,-0.028933483481290954,-0.004662236458819893,0.049857832227542226,-0.024539733126746597,0.003694592468295247,0.0005780668382972322,-0.0055055576688674765,0.05179013596703697,0.008391552635482044,0.11625781316229214,0.014513086893871477,0.03343498953091168,0.023920512339496276,-0.07352233055733937,-0.008377321001022023,0.006373926984341432,-0.028871153012950602,0.012549421980179845,0.0023045393106482454
addr2_is_missing,0.9462453343912273,-0.47310075658906187,0.05179013596703697,1.0,-0.44262295139902097,-0.14632833646886115,0.08725223352519205,0.7766248998323273,0.11659918514524023,0.1239689710722994,0.0,-0.00888882076292985,0.0026354229929863183,-0.35822846155663157,-0.1030420856416806,-0.4640157638993874,0.25160044952520627,0.012077126437193518,-0.17155957611359646,0.9776820449802169,-0.06978380628628524,-0.036551669140431814,-0.33763287580631335,0.01699430068459812,0.8470575266249956,-0.4653723340113885,-0.016729415742289817,0.011847941884370774,0.7625734467707901,1.0,0.9123759381055606,-0.45330077859805945,0.10154169287488336,0.34289417897084384,-0.078562315789583,-0.008062228208846542,-0.6837784193149057,-0.3214742329094355,0.0,-0.24159343335029107,0.5499189198111628,0.34777735538023524,0.08665312139850466,0.21034495972954398,0.16554853882318965,-0.00668795244612004,0.05882396417488892,-0.39747678994604213,0.0021941094931640106,0.050691498845393375,-0.2651207313977165,0.9477039868810938,0.5082108556224126,0.004522643321272822,0.6347259138698226,0.22400474737725165,0.01417313746220162,-0.5468897879583496,-0.4626306097705106,0.20677770727688533,0.286080649001927,-0.458145960465217,-0.13792167003858644,0.862108534143835,-0.004722864104041475,-0.06303903822614113,-0.003999525379004185,-0.03484008633151625,-0.002749446140491672,-0.049728083041052945,-0.15085270382698077,-0.23289133670002193,-0.100209613537626,0.5499189198111628,-0.0010109517827860725,-0.005688541281950548,-0.1385388793607149,0.5085412104556868,0.27831358533213585,0.011675012599402585,0.8112905570436483,-0.10212385518911946,-0.008334316429785512,-0.010808050314187944,-0.14496240562050225,0.059887567220295077,-0.004865510149251758,0.23534196817340902,0.8614317735744921,0.05960212529938438,0.3816949751903885,0.8800835483443596,0.9030942956540444,0.8391907317057895,0.8932468143243629,-0.009187492706782477,-0.7055891001046694,0.0019782534058012196,0.08805333478424929,-0.2438455263578393,0.43308979688945787,0.012751957371369122,0.1359229332254501,0.0045198279490515575,0.008963640073092506,0.17013007552106216,0.8405073075332292,0.10852677605857396,0.8273086017204542,0.8985676422209881,0.1103603736180248,0.8249801039368508,-0.03467218068832555,0.25474761860530526,-0.4316769315538225,0.13390722349596404,0.001943368732917041,0.004594277999202276,-0.39994275696846093,0.5499189198111628,0.8153511796686539,-0.3440609027383956,0.4603959672432417,0.020178745446196175,-0.2941704615745011,-0.22995541025535665,-0.07009952103143846,-0.27453480354202436,0.02236074403428949,0.1651250569540028,0.3098776771211931,1.0,-0.2122210541321704,0.14734758500587752,-0.02922182061747322,0.30485193255411236,-0.35246343028394544,-0.5498292091784859,-0.0940912172050462,-0.004310615039853081,-0.30266327567973794,0.012055505239559733,-0.07908237004121503
V13,-0.4348866355507295,0.6482921863499569,-0.04250627690778919,-0.44262295139902097,1.0,0.10758920823297939,0.11544763357605409,-0.3998651378412984,0.07592316570191297,-0.049986209668875896,-0.007298314236828977,-0.030775679345558086,0.03784256554556132,0.17594851172236758,-0.16602433628800392,0.6208463258753609,-0.09951134266177697,0.04368066645460626,-0.11328555262054976,-0.4506475683101069,0.028116524286985682,0.01908394893044602,0.201457471384983,-0.07067899037646909,-0.4430503999272758,0.6158970816911368,0.018598923124964396,-0.03788849540110277,-0.35492443464903983,-0.44262295139902097,-0.4276019918348098,0.5809904964978718,-0.04683348287497271,-0.15884491598636102,0.012631492286888717,-0.11420917697878982,0.47265268663939575,0.191325067706862,0.0880154776464671,0.0,-0.501365653052244,-0.16552006014538584,-0.03995592639772252,-0.07889802227919195,-0.0782654577062131,-0.22996961556699957,0.005235475103337802,0.330855494739794,0.004299680250020444,-0.021244273859480942,0.10953747206919612,-0.503122237169781,-0.24897556663183926,0.005214640547382884,-0.4315095237110364,-0.08100408983165946,-0.06763455256845997,0.3081958099278949,0.399560141152799,-0.09458317049221351,-0.13621076302915988,0.22306407562664057,0.0,-0.44389672625279847,0.05461240201879092,0.0065226282456517185,0.02781250615208423,0.0327267604045411,0.042198059198787004,0.23052207454272927,0.07110720589212649,0.0,0.03197611059489293,-0.501365653052244,0.007686255307213001,0.03940653737375484,0.08511371786809896,-0.5034197129667959,-0.13754090511080286,0.020890167175960896,-0.44356124278687065,0.00606174982494329,-0.10672900346964134,-0.02297416174862652,0.07050297045434914,-0.11417382290143557,0.03560137017164669,-0.09235292855582393,-0.4030684536258537,-0.11734245395359309,-0.17758488172214268,-0.46035149513574214,-0.46689011278138076,-0.40138801553266407,-0.3801858320023976,-0.03180976836801478,0.4869853711716527,0.004299680250020444,-0.30399297174880163,-0.20556338823335038,-0.2934154317925142,0.0,-0.04471844701563503,-0.0062695020918369345,0.031034725529515347,-0.07085027933662232,-0.3305077889997032,-0.0682036191896849,-0.42716897945934273,-0.44124552173684006,-0.1315417431047403,-0.4211059587643105,0.20764163528677868,-0.11979739655343466,0.9219229208533896,-0.07377243361310812,0.004299680250020444,0.02985466021812781,0.23637698987246142,-0.501365653052244,-0.43752599408212073,0.1613232166913677,0.09322447552531883,0.061076041030352635,0.07798619135035513,-0.12448011543712566,-0.07438201775264115,0.0952183456002535,0.0037194802311370503,-0.08012769164514333,0.13278722960585176,-0.44262295139902097,0.0,-0.10969512083960939,0.0,-0.13215430860415892,0.0,0.5012313438996628,0.007581709269496873,0.02460410598434786,0.07288620457468035,-0.0018253459226993997,0.04934927545719467
card6_debit,-0.1832545338241601,0.09113461056122027,-0.11641884712217325,-0.14632833646886115,0.10758920823297939,1.0,0.004424436379100916,-0.18223277058628326,0.002491160680838879,-0.03895250081195407,0.0011141303327522154,-0.038601599457760837,-0.01438440641275842,-0.13818571887813072,0.04695636899810002,0.10298528034214806,-0.09743369727958498,0.08075179429535684,0.07397613303459495,-0.15218785056321335,0.020521150728758826,0.12255974389272313,-0.058074517665488996,-0.006868145307808975,-0.21561822195497965,0.08713630979451345,-0.07620845752267033,-0.019274174202079206,-0.09474158268594798,-0.14632833646886115,-0.17838378809876757,0.09603241520366632,-0.03502527588698705,0.03441176164313873,0.06829775302271371,0.03748796747398143,0.3119314130771601,0.10273918466080224,0.03908643902445502,-0.08089049466486928,-0.2617034979032653,-0.06460526908391524,0.017865385763196354,-0.02532921318975254,-0.09078898978489845,0.03809495583155681,-0.07304893599463144,0.19969390176127536,-0.13808117888819907,-0.032656214750619125,0.10045259548565186,-0.22381713689439864,-0.08829100975605865,0.015956823994600394,-0.24717492587128068,-0.11383093588587949,-0.04961339308660293,0.2210656034855457,0.22408591381146495,-0.05108706379722199,-0.08405246731631877,-0.06448819399714643,-0.05391331410762253,-0.19466269822392726,-0.014404691170762403,0.01681768213883354,-0.009513654907127746,-0.07248968006617715,-0.015241101040195881,0.0029979482941901265,0.17072078635994486,-0.06526926140900582,0.07795017479118094,-0.2617034979032653,-0.14230945634571568,-0.07155355942431477,-0.1452956728786017,-0.2569588072959771,-0.09220908574938347,0.005113351761143642,-0.22437221892032758,0.0038375087840404076,0.041143092183537656,-0.03817122475069215,0.06543721270209713,-0.06519306214019316,-0.012130687634998756,-0.04955195380082102,-0.16265243144399733,-0.05690352880732804,0.028035507103668113,-0.22433618018216292,-0.20535255824975931,-0.18826544165665798,-0.17337506293173433,-0.03826198748229262,0.32465100086921866,-0.13820073841112637,-0.2628195614004953,0.0623741501324021,-0.1574169707746933,0.027146549705585384,-0.12725610143096563,0.012948247402300047,0.02948535636882309,-0.09454614280712091,-0.1665118359118574,0.021371391541154937,-0.19064077242009975,-0.19766475220513607,-0.16374746596494194,-0.2053149947846592,0.006862901268957543,-0.05281173583593895,0.10120813816166611,0.002623792797414663,-0.13828978987817842,-0.01142263561907213,0.11065614675794158,-0.2617034979032653,-0.20698206066553454,-0.12652116499192992,-0.08733305150869768,-0.07403726489805247,0.09713662211511556,0.08499948083568762,-0.23218405335614042,0.09756863575386986,0.012891418305363242,-0.030528339113239406,0.013286318086442244,-0.14632833646886115,0.005562789876640705,-0.9840192698715053,-0.019956557986130687,-0.17478298885778107,-0.08054088919197325,0.26166210539734064,0.0640344146401305,-0.06742737866606241,0.09541630975049609,-0.16135045954941957,-0.011204814047423742
V20,0.13606689115029444,-0.0072947846798861035,-0.0051568009589989606,0.08725223352519205,0.11544763357605409,0.004424436379100916,1.0,0.03278471056011715,0.9163345505055455,0.010094783941075075,-0.008719163061018595,-0.04375119994526201,0.5684033751839789,0.011790260939113064,-0.05839463761118221,0.06448631156659128,0.04839952864684667,0.20831213130577655,-0.027805652093913957,0.08999821505429924,-0.03542451998362519,0.016243503907109904,-0.007067855374909555,-0.006673967318743161,0.027662971600991716,-0.006192807010958728,-0.0022780261635974813,0.0001200213983506459,0.07185336916544767,0.08725223352519205,0.1126393847015105,0.05590391614228952,0.01156951041359879,0.009845442376868685,-0.010742687303475338,-0.06547874246865185,-0.06016406693527967,-0.012237999395306435,-0.022392482656469825,-0.2229685369001222,0.014593399967499619,0.08621150543347357,0.01371354760329091,0.030464555152183312,0.015592616927544564,-0.06234620034973814,0.04481969658872329,-0.02636925884050847,0.0043425000014404615,-0.014193189772071629,-0.016427248536601824,0.04323586649070561,0.06733298809712868,0.017691003762123545,-0.08044406184291258,0.05740976558942593,0.00838844530151339,-0.4540398781167239,-0.020614788994618372,0.028887959420024565,0.016721142949426244,-0.17547151099489353,-0.05290245213222624,0.0363232744973812,0.022548695307815343,-0.01347534120280252,0.016067883361240314,0.012944052238621459,0.016069816848764868,0.3313994376709399,0.013785462602958428,-0.03718437255749892,-0.013872493545867696,0.014593399967499619,0.0029070755182274556,0.05652654675468695,0.02625359780113717,-0.024320292482095454,0.014584104898587053,0.03266487558730846,0.12529637962952753,-0.5802838005188588,-0.0637112060807313,-0.03143306466106527,0.10839306564398599,0.0022035743406085715,0.02212858925359749,0.029439933555641857,0.10648243342399966,-0.013912684696634956,0.018522447868741073,0.025018940334354818,0.038521839022857794,0.043750701540675764,0.13807919662528734,-0.04473433553847212,-0.027610229996988575,0.0043425000014404615,-0.4948521607882604,-0.07857028439562373,0.05434508202361208,0.08709944385714975,0.03158617261601951,-0.006984389415657546,0.04770234150062162,0.016956209337042505,0.14467310273556563,0.007285744601851294,0.03512042594954113,0.043271176474059175,0.0177719726764871,0.03274921303622194,0.3139559515927056,0.032421854190057595,0.08702271251256734,0.008408026666731891,0.0043425000014404615,0.5646587645480114,-0.01694189226013039,0.014593399967499619,0.011884400056439759,0.0069798141067944075,0.3323357546043385,0.0925829142332461,-0.06370025735287313,-0.09089434923762157,0.008903721821653977,-0.024838951039924267,0.00831220801700435,0.01419423838221928,0.23170708772611495,0.08725223352519205,-0.11252268592767282,-0.005374314664346642,0.005621382667770543,0.0379265212749802,-0.3473682779006716,-0.014611278186814066,-0.024199896464906705,0.03123832306764141,-0.06435387626699224,0.004597728307847198,0.0008256289126583773
V40,0.7712752657834797,-0.39135932114519734,0.05084346665662981,0.7766248998323273,-0.3998651378412984,-0.18223277058628326,0.03278471056011715,1.0,0.06833311151979525,0.2621616358219203,0.001134514583665771,0.009316257550740845,0.0,-0.3011967599963443,-0.10396122895342624,-0.4137948019603088,0.3909201888298737,-0.017141406916476053,-0.13713592861929155,0.7714110655371738,-0.06180718822961105,-0.02645847746435277,-0.2553383050419942,-0.002383251620752586,0.8408405031783779,-0.3849841975330108,-0.013467155096265797,0.04310030411743712,0.5887286475344039,0.7766248998323273,0.7628746277250907,-0.40510271059614733,0.19063775342944805,0.2889630687075016,-0.07442587372518478,0.0,-0.7862602959727476,-0.35964333899578066,-0.15439330343136345,0.014194272365118638,0.5745976074508302,0.26989948563186034,0.0700075215393013,0.22789579215305866,0.23712492796286258,0.0,0.1294014737306367,-0.3932333738479607,0.0002615711872597463,0.02763338248031584,-0.2338619171879897,0.7858172845502319,0.41731612619196295,0.01787212298361344,0.5750712997070018,0.2079520790704381,0.08781877384543318,-0.7735500022951503,-0.4667206867581274,0.19924352706874354,0.39719074980022145,-0.5245462810249586,-0.026149473424690192,0.8603765309412938,0.0,-0.062284254329480475,0.0,-0.03432448121919961,0.0,0.0032832776851611485,-0.13769693505991648,-0.09275950601921458,-0.09455729029787042,0.5745976074508302,-0.0008845279207969481,0.0,-0.12091665669081486,0.5636697141147509,0.34012978551489803,0.0,0.77964105940636,-0.020678117551558007,0.0,0.012446283209516767,-0.14935327535705867,0.1975458841784635,0.0,0.25194214372512613,0.7247769362363471,0.16333369648880383,0.3241845453719829,0.8077968828633832,0.8325800837488795,0.745780455549585,0.7329324241619682,0.009316257550740845,-0.7869285515357388,0.0002615711872597463,0.5586669817412231,-0.19980647039162727,0.5163263115212186,-0.10914081569015181,0.10641370880436585,0.0028693053055045227,0.0031160933180892415,0.29144396564802716,0.6970259392132651,0.10327253565308069,0.929152979311444,0.7511456079981538,0.19685066973396032,0.8453428369532109,0.023972776548465607,0.22342928626081027,-0.39048705243153325,0.1202736568966596,0.0002615711872597463,0.0,-0.4619954591737104,0.5745976074508302,0.8064036985920322,-0.28920910048125986,0.6093208717032603,0.08275621027585701,-0.24303919645909683,-0.1930261689273245,0.1058545076790117,-0.24189066023790134,0.011360568293580066,0.14385170001957695,0.29533800824171885,0.7766248998323273,-0.040273754788833965,0.1845329261012471,0.039944406149543935,0.2872077320989502,-0.03131770067055268,-0.5744728551298756,-0.08648021560722659,0.0,-0.25009618467027944,0.012399347790455699,-0.07513939440393586
V19,0.16084751656316562,-0.035823042735227836,-0.005409750127736401,0.11659918514524023,0.07592316570191297,0.002491160680838879,0.9163345505055455,0.06833311151979525,1.0,0.009015820281216492,-0.010094137500622777,-0.04462271541745707,0.5557094881923276,0.01139168184216435,-0.04097594092029071,0.0427357604170809,0.03576034164928794,0.21420014158999243,-0.03817120629493953,0.11718021524362675,-0.04299194182133019,0.015333969089321137,-0.030482905174688973,0.014574503193444955,0.05102420698631412,-0.026861004924199704,-0.0023819283459372217,-0.005429489756959598,0.09345354495579679,0.11659918514524024,0.1402189188127295,0.052994395829275655,0.0168406962241674,0.015290059250769462,-0.019042654200447172,-0.05337633212294251,-0.08658278990693737,-0.023105661427233255,-0.014435470988887296,-0.2242531169740831,0.034047849683113994,0.09677926089693172,0.019582467187035716,0.03241359944834018,0.0234960205873499,-0.07443925417471078,0.049418460044678925,-0.03765064502476704,0.004422769883417705,-0.012959274027551872,-0.024223650191632477,0.08433958391285525,0.08295477206964968,0.005274658092352199,-0.05512174815665802,0.0900429237342576,0.011044053710464404,-0.4882757305695143,-0.03713403205069267,0.031710023086387255,0.02890933672357362,-0.17618952895896964,-0.05420845405533424,0.07577354315498433,0.013182284451804804,-0.023511409675165216,0.012385590877075678,0.017467677572180342,0.01324032881075583,0.3040801062486094,0.009795933225945417,-0.0368127503409163,-0.025462208877231874,0.034047849683113994,0.0029983376631006094,0.0331010689436671,0.03166438403130616,-0.0037064008290166755,0.02919635574886373,0.025606847065360535,0.1541793689038376,-0.6043856725582061,-0.05649841787598585,-0.032011714072909474,0.11448363923341993,0.006634912541485897,0.00843666387015048,0.034911137724122326,0.1325572995423206,-0.010314085277142887,0.02463237917471534,0.0504302616706124,0.07994089455474973,0.07455970697649167,0.16624236237112444,-0.04560659345765587,-0.052897112807790754,0.004422769883417705,-0.5044004847863147,-0.09382663333547514,0.07209205498033902,0.0887847723471508,0.07150243123503998,-0.008682218396540677,0.04879119654182212,0.02225559054178659,0.1588963282476904,0.011075277575935226,0.07302687423625277,0.07946159002680134,0.025098604672364116,0.05708076549438926,0.35461564048042155,0.03755499674177951,0.08757807833846185,0.013450864136207774,0.004422769883417705,0.593260478013309,-0.030542952341230205,0.034047849683113994,0.03367717173977657,0.005470173217755724,0.34436697557961804,0.04210685246934173,-0.0675316198721721,-0.10800294768956069,0.012303586457016501,-0.012420961652601663,0.009397940179015853,0.01929290304286976,0.2366728809292439,0.11659918514524024,-0.11346768648417792,-0.0034448538189095082,0.006188357807138597,0.0829705774205422,-0.3593299693743375,-0.03407641771951168,-0.037473011867018735,0.03162669805053337,-0.06331701791947864,0.0049168646703162434,-0.001890249470805484
V47,0.12900181583431075,0.0007534597980712172,-0.0015560531281665207,0.1239689710722994,-0.049986209668875896,-0.03895250081195407,0.010094783941075075,0.2621616358219203,0.009015820281216492,1.0,0.003837321299282033,-0.0007989153772678504,0.007954974371912523,-0.03708926854476393,-0.04391161948365229,-0.04543477423366103,0.41688931097917586,0.016574170110366274,0.0007918386187558726,0.127750622345216,-0.003020722606218791,-0.005540047886840828,-0.029271707732938475,-0.029131508329130463,0.12220113939884787,-0.031045721831227262,-0.006070932195255931,0.06359154986335812,0.10418400121259719,0.12396897107229937,0.13104599735435107,-0.05690244572359188,0.7158057257685115,0.037832593374697146,-0.0022095522576745627,-0.018699183626092585,-0.11453639791551744,-0.05531111193697716,-0.04003325559046821,-0.014256247299517865,0.08148016930527192,0.043296175058700224,0.0062983121780797475,0.09821164606498944,0.29186616283034816,0.019409090908789513,0.08285321925374854,-0.07728738932677494,-0.0013766673920812043,0.008484702092686498,-0.04786128687558081,0.12480491464429559,0.059070587500394,0.010531474122359127,0.07930051082348362,0.01672401328814598,0.035528881794768305,-0.11352050275324942,-0.08067179112360126,0.14372539197715417,0.43283798411421837,-0.14504782809393854,-0.027683096585974308,0.21277207226393569,0.07467648216674663,0.0036167410577086917,0.11582997553371116,-0.005711447453692991,0.05336974181496657,0.1596648760670365,-0.03302641160027065,-0.08588148937467831,-0.001365578197011592,0.08148016930527192,-0.0018654422240619647,0.04449970404242388,-0.015573238325395766,0.07541801271897311,0.3382704844070613,0.01865630735447061,0.12085597156368685,-0.007675342369776864,-0.018065836619736556,-0.0010664944297515094,-0.031679444004130246,0.09916621255186454,0.17202176663161642,0.12147075414476294,0.12528285187642443,0.07324313359457456,0.03968734240578307,0.11671000040822761,0.15654440734720876,0.4021763390525487,0.12644110997052574,-0.0007989153772678504,-0.11361038974391723,-0.0013766673920812043,0.0718993880178445,-0.02445181882047245,0.10411303239223159,-0.09184913396901788,-0.007645108390388365,-0.007946825546678095,0.09595615701319696,0.38914812771557733,0.12418698023457347,0.018118854960422395,0.1840204195391282,0.2507408336596094,0.007434345731898372,0.1311335510292711,0.10375653812318122,0.11406943897625302,-0.05726087564470046,0.018194826795454533,-0.0013766673920812043,-0.009879972681510465,-0.06057883181422598,0.08148016930527192,0.11655236546862875,-0.03352757859817315,0.37512274310142174,0.08044895937657313,-0.024228813037008818,-0.02010642882828894,-0.043342745517310106,-0.05312106191903846,0.003971701184391501,0.03344496063036412,0.1241939970687832,0.12396897107229937,-0.01424665596613848,0.039744931298451684,-0.031453086901716,0.015935878026562426,0.011743904318080752,-0.08144329360811314,0.001787752661615725,0.032223331537177956,-0.0334499041605244,0.003075120056730281,-0.006979338261935733
addr1,0.005003026724182416,-0.012360159171811484,0.028901219355189828,0.0,-0.007298314236828977,0.0011141303327522154,-0.008719163061018595,0.001134514583665771,-0.010094137500622777,0.003837321299282033,1.0,-0.0009696408603712083,0.003337420482129627,-0.00900071316436486,0.0006130659902062718,-0.016169708364286134,0.0015265404434932166,0.0031359983340938117,0.017036150343771535,0.0006181332547229515,0.023585844003387625,0.02884072401005222,0.0031312229926960173,0.0039629237192150375,0.03659228229446686,-0.014551052235384504,0.004475121009900902,0.0029603478246687984,-0.010818439462274817,0.0,0.0012147773046039968,-0.0130782006070273,0.0004675734154466146,0.01631787598431501,0.011776032444411768,0.013581834268822177,-0.031057215967300347,-0.011736713377188894,0.004262945198561556,0.04174921215190314,0.02137969229084899,-0.0018237423699989264,0.003568935447827286,0.010636063389717478,0.0010731309076868918,0.009047360103827642,0.0015857333409208874,-0.016512558966714826,-0.0038190617086384087,-0.029693686786340757,0.009058868013331436,0.002420803010631211,0.0007342924581076348,-0.0013854518714696063,0.015273431396501247,-0.005211430169071742,-0.0028558518859660717,-0.011507421811284781,-0.016392383682460567,-0.0009206095031051787,0.0029030671764971603,-0.003765281512851004,-0.005076612459668788,0.0020837422577868335,-0.000682243069590316,0.005888327925229001,-0.0021580468712712555,-0.003194964128767076,-0.000979052844875045,-0.004405040245329532,0.03245296398578961,-0.006332245895254371,0.01010954720968599,0.02137969229084899,-0.0021361379890630595,-0.011012611182429166,-0.005746978553675138,0.026238257382930258,0.00263034134780735,-0.002313638244874971,0.013178821892487536,0.0095231785564884,0.015510670042008132,0.0009399346991062177,-0.010123553661970054,-0.0010698261320603037,0.008105336760106205,0.006861785924626125,0.0012523784732722705,0.00010358322010525325,0.017463486623559593,0.03811458273135031,0.0021900741348167417,-0.0017993158304021933,-0.00580484574819462,0.0025134559189558107,-0.030637917649601838,-0.0038456066395930167,0.021092059454598664,0.015853366250833223,0.023128790468234704,-0.09760966534888861,0.005031081842479795,0.02468710742119471,-0.005655992000227165,-0.003738051670733471,-0.010848938225955956,0.004777282420221757,0.0012191483706852939,-0.0030922452785708816,0.015767145424681824,0.035775181270406346,-0.005828502987698319,0.00070798224966463,-0.005950394516784215,0.006083319522184035,-0.0039055276580772084,5.546691447384353e-05,-0.015674151005005164,0.02137969229084899,0.03158600451380986,-0.007511643947747128,-0.0028150260354846,-0.0008373314139362975,0.00923267284088481,0.01864627693853688,0.01158366768258437,0.004399997587798854,0.0009859416363281954,0.00754676185547431,-0.005626655070093541,0.0,0.028693289018887156,-0.0002775861034847631,0.003614252521065961,0.008947592894008833,0.049777185132358466,-0.021454447775524865,0.006160652358574183,-0.008472791913430665,0.006628204946793811,-0.005568217174741866,-0.0025827396125127355
V28,-0.008733458903081833,-0.006467488185063993,-0.0018317951086452935,-0.00888882076292985,-0.030775679345558086,-0.038601599457760837,-0.04375119994526201,0.009316257550740845,-0.04462271541745707,-0.0007989153772678504,-0.0009696408603712083,1.0,0.0,0.011422310816561542,0.009443670461360326,-0.025710247265162318,-0.0011662634688391555,-0.01796204649368138,-0.003885449213746486,-0.00904997232813584,-0.005115987977727897,0.004980754419822527,0.025813979277417985,0.015868184506776968,0.06239278775353862,-0.006361731335370947,-0.0020870395961675595,-0.005630699597609745,-0.007133406198148436,-0.00888882076292985,-0.0067803409508923424,-0.025117756241969203,-0.0006585089951415752,-5.059969916716104e-05,-0.005774456040864284,0.0,-0.03672654883928385,-0.10499517880149571,0.0016688098694479813,0.03647323331056007,0.04517222388466149,-0.006447965514695674,-0.015260937940219668,-0.004252355124736552,-0.0007520123863774636,0.0,0.0024787210879319913,-0.0309063748357861,-0.0019214777712783064,-0.010074467318310269,-0.018433907666935746,-0.0021128396771763276,-0.002490517018400148,0.0023010967561315826,0.029117483922326465,0.016743623293773453,0.0014668447779022612,0.013404025266010082,-0.03670722498335949,-0.002557184342746568,-0.001001953573057764,-0.014932247927699056,0.03730128014732964,0.010888391328935555,0.0,-0.005743804999979765,0.0,-0.001420253273543398,0.0,0.0022357783131358175,-0.0024270206286281836,0.07862880212239481,-0.007380839391078228,0.04517222388466149,-0.0023208672775918548,0.0,0.008000017988632632,0.05123724973764185,-0.0008752298374644383,0.0,-0.008907663671874485,0.051711506425367454,0.0,0.6335696760908007,-0.011612213803177925,0.00486364593622571,0.0,-0.005351588339838561,-0.006391320887925159,0.004038552360855797,-0.0037476552968058433,0.06581464160645235,0.012775609726282179,-0.0021066752165279762,-0.009338714519538695,0.9581712260704356,-0.06319631177321236,-0.0019214777712783064,0.07182827247332498,0.009961120155572645,0.008157751905538727,0.022165032801582978,-0.0105881132583737,-0.0011647261343484113,0.0006232440314875132,-0.0009197356441110482,-0.009843124768991924,-0.010883045232125277,0.010912566059923173,-0.0021323450023242605,0.06891632646338214,0.04224192805747221,0.0036353956681817574,-0.002405789357428047,-0.030014599975857526,-0.006915530234692243,-0.0019214777712783064,0.0,-0.09135978507506515,0.04517222388466149,0.06097831444019412,0.009401197089720174,-0.008178742147849449,0.0029545211974078248,-0.004009751523528982,0.007189470192579674,-0.0014937508814184149,-0.019088470347730067,-0.009707803715212232,0.011560836953973475,-0.010742710986695263,-0.00888882076292985,0.11457173326383964,0.03944429677155165,-0.02071609887382083,0.023133654086536552,0.08779753858412113,-0.045163070504751796,-0.0062816559405230845,0.0,-0.0041265231223474265,-0.0024225251505708,0.007105659644407695
V5,0.0,0.06855862059574627,-0.0033138971171343175,0.0026354229929863183,0.03784256554556132,-0.01438440641275842,0.5684033751839789,0.0,0.5557094881923276,0.007954974371912523,0.003337420482129627,0.0,1.0,0.044780992566006546,-0.0903142670351479,0.04182390608117332,0.06769211881972162,0.19427661055748938,-0.043157804387773294,0.0,-0.05239579440508842,-0.0008181704984994777,0.03726060695885047,-0.020378443395826954,0.0,0.0495517472068967,-0.006629563972202067,-0.008840288489428208,-0.0004329582571485468,0.002635422992986317,0.0,0.03567440950944249,-0.013603932935460781,-0.015472037135582518,-0.009525105303036982,-0.03054790640519166,0.0,0.0,-0.0012309028202251242,0.0,-0.0023158585009494842,0.04789421490193373,0.008976805156714467,0.0889602434024391,0.012515458458172101,-0.12235744210002325,0.01668605122103132,-0.0842355896813577,-0.002191683732579506,0.00030920166780098096,-0.05902755981745288,0.0,0.0,0.03780666757412207,-0.22284001367670014,0.0932090745530054,0.0,-0.522841301986923,-0.10129481096406803,0.026878799767900932,0.04530917065893524,-0.16306237105294738,0.0,0.0,0.3737665045016571,-0.01095926068234714,0.33884844167796213,0.02167690120731154,0.33048872002518054,0.025840533442028513,-0.009462543117551524,0.0,-0.011306041252954056,-0.0023158585009494842,-0.0037790631668377468,0.319900900808348,0.042203229513654225,-0.06933499142055685,0.014504377735857311,0.06227007473312986,0.0,-0.5228413019869251,-0.017991160308340578,0.0,0.10873355426434825,0.0,0.3838002506698864,0.06315909483920504,0.0,0.0,-0.024278963008883905,0.0,0.0,0.030982663053184003,0.034910334994690255,0.0,0.0,-0.002191683732579506,-0.5248560007008666,-0.07185962844870386,0.0,0.0,0.06832333527897404,0.004720984980629747,0.0,0.027801810062062827,0.03831786340335003,0.006967575786529879,0.0,0.019835373648549467,0.0,0.0,0.012621533731563554,0.0,0.03208481330798685,0.0018310202989882055,-0.002191683732579506,0.9162089676996433,0.0,-0.0023158585009494842,0.0,0.0375576096261964,0.43514938956113597,0.053076134527181,-0.04742654655716734,-0.07498561852164332,0.0,-0.06168641438944232,0.011094135020690997,0.0,0.20172897788307684,0.002635422992986317,0.0,0.015014915506377319,0.0,0.06832333527897398,0.0,0.0018562423794717237,-0.017859499156244373,0.28485384127642255,-0.053121548955245276,-0.0019967037868261215,-0.0029921424401218454
